[UTF8/MIXED]
[main]
Lang=chinese simplified
build=3952
Options=1001001110000010011010011111111000000101111101110000000010001100000100110010011041100000000210010111111113001111010100011001000000000000000010400001131110100111010111001111110
Z5=eJwzMTKzMODlAgAFQQEc
LSS=375123617

[install]
date=44263.507464213
3952=44263.507464213

[LiveUpdate]
X=5189

[Graph]
V=0
H=65

[window]
Left=221
Top=117
Width=1728
Height=1152
State=0
TS=0.5
BS=0.5
CS=0.75
THP=864
RTS=0.5
LTS=0.5

[SiteManager]
Left=0
Top=0
Width=998
Height=709
State=0

[SITE_MRU]
1=Linux-Server

[SshHostKeys]
ECDSA 256*10.60.102.252:10022=DGITjmKCdm5AIfcBj2Cme2Se3CLvCILyLZsvf3BKF2I=
